pid:
  mass: 6.123497
  inertial:
    ixx: 0.16319
    ixy: 0
    ixz: 0
    iyy: 0.23313
    iyz: 0
    izz: 0.27451